0,0,0.189826091589051,2,-4.44089209850063e-16,2,-1.1148442267319e-16,0.82067879082866,2,2,0,0.6681786379477,0,1,0,0,0,0,1,0,0,0,0
162426,40,1.39710325469671,2,-4.44089209850063e-16,2,-1.1148442267319e-16,0.82067879082866,2,0.0523831997779249,-1.94761680022208,0.4574350166713,-0.140814385820631,2,0.132768709752487,-1.91971224101182,0.0525758528973419,-0.946681458516511,2,0.513304603275725,1.09124173962881,0.237479721761825,0.533807105348091
329722,50,2.83111160153412,2,-4.44089209850063e-16,2,-1.1148442267319e-16,0.82067879082866,2,0.0529196565595094,-1.94708034344049,0.4574350166713,-0.140814385820631,2,0,0,0,0,1,0,0,0,0
165208,58,1.38161294550309,2,-4.44089209850063e-16,2,-1.1148442267319e-16,0.82067879082866,2,0.0516235359141466,-1.94837646408585,0.4574350166713,-0.140814385820631,1.90634484081869,0.184948070646578,-2,-0.0893298994979218,-0.867492601908115,2,1.75171494359479,1.22278533503143,0.890213560964521,0.613353206231571
165451,55,1.06562501919343,2,-4.44089209850063e-16,2,-1.1148442267319e-16,0.82067879082866,2,0.0500710331364389,-1.94992896686356,0.4574350166713,-0.140814385820631,1.98794363439601,0.326074076218721,-2,-0.998634855733474,0.0736866383249211,2,-0.00709805192501158,0.0592041636774052,0.397417124880452,0.131485772945894
164616,62,1.41928406063941,2,-4.44089209850063e-16,2,-1.1148442267319e-16,0.82067879082866,2,0.0511317637435531,-1.94886823625645,0.4574350166713,-0.140814385820631,2,0.133351211985826,-1.8362192462867,0.0744977487638947,-0.921856457350027,2,0.395610280335104,0.751204918252563,0.118879398069617,0.364679115997625
324642,70,1.72809427593849,2,-4.44089209850063e-16,2,-1.1148442267319e-16,0.82067879082866,2,0.0509817122145977,-1.9490182877854,0.4574350166713,-0.140814385820631,2,-0.574866316931197,-1.3013693351273,0.036270794280352,-0.963189267009931,2,0.626369380361869,1.20700242490031,0.322654906289602,0.586084915495343
164318,38,1.39346016483041,2,-4.44089209850063e-16,2,-1.1148442267319e-16,0.82067879082866,2,0.0523470059223188,-1.94765299407768,0.4574350166713,-0.140814385820631,1.9077594919048,0.203511845816661,-2,-0.026480528450249,-0.919299613303976,2,1.32750963831994,1.3659268407569,0.66738836273179,0.677370997550652
161437,34,1.62856440277858,2,-4.44089209850063e-16,2,-1.1148442267319e-16,0.82067879082866,2,0.0508975061077817,-1.94910249389222,0.4574350166713,-0.140814385820631,1.42274268237892,2,0.552885389777995,0.769602247360902,0.219419120510787,1.80252122467554,-2,1.15944976365422,-1.11184341142868,0.643738172920187
165752,42,1.07228982397157,2,-4.44089209850063e-16,2,-1.1148442267319e-16,0.82067879082866,2,0.0518791431241192,-1.94812085687588,0.4574350166713,-0.140814385820631,2,1.92922905142198,-0.15653773042842,-0.197978181008448,0.0557440391244978,2,0.192109851835758,0.163000566003789,0.68356454280437,0.239504015756089
330977,52,2.55972164340812,2,-4.44089209850063e-16,2,-1.1148442267319e-16,0.82067879082866,2,0.0525395245365474,-1.94746047546345,0.4574350166713,-0.140814385820631,1.14547271152753,-2,0.859847028917831,-1.75068139802734,0.755817823075572,2,0.358675657474618,0.440211177172689,0.0658787114006266,0.235158457786333
164947,37,1.78751694280801,2,-4.44089209850063e-16,2,-1.1148442267319e-16,0.82067879082866,2,0.0529554320845433,-1.94704456791546,0.4574350166713,-0.140814385820631,1.43881978778055,2,0.511161049164823,1.22371884804889,0.332260264239815,2,0.570541002472729,0.718393661816377,0.263752894528023,0.341892415864623
165648,37,2.57957580935443,2,-4.44089209850063e-16,2,-1.1148442267319e-16,0.82067879082866,2,0.0531244614101438,-1.94687553858986,0.4574350166713,-0.140814385820631,1.36420970388531,2,0.611303396361961,0.842059811042955,0.235692689405867,1.13835951164403,-2,0.892101248213762,-1.75524721351916,0.781902229154179
166409,43,2.34462379416654,2,-4.44089209850063e-16,2,-1.1148442267319e-16,0.82067879082866,2,0.0524138777942107,-1.94758612220579,0.4574350166713,-0.140814385820631,1.18323664484932,-2,0.842806812166162,-1.68984708605699,0.711941930479589,1.50714687748434,2,0.404150528566862,0.73054759294947,0.160245389873187
329376,51,2.29251410502979,2,-4.44089209850063e-16,2,-1.1148442267319e-16,0.82067879082866,2,0.0524626360123459,-1.94753736398765,0.4574350166713,-0.140814385820631,1.22611936570994,2,0.776858577067049,1.64465318095596,0.64484113706014,2,0.0934155162507816,0.394950925955923,0.0154737853611884,0.199946596102748
167747,34,1.48173384657337,2,-4.44089209850063e-16,2,-1.1148442267319e-16,0.82067879082866,2,0.0511041599452466,-1.94889584005475,0.4574350166713,-0.140814385820631,1.89955132147838,0.151076552919633,-2,0.00356423014795493,-0.978013863732314,2,1.60077984672406,1.31916763673303,0.807527631937194,0.656102353197143
167064,37,1.47980586586338,2,-4.44089209850063e-16,2,-1.1148442267319e-16,0.82067879082866,2,0.051451072528399,-1.9485489274716,0.4574350166713,-0.140814385820631,1.95271294069525,0.262098960857839,-2,-0.0771403492933023,-0.817148937706424,2,1.96849675392536,0.83594500879517,1.04851459618615,0.432203676466002
170457,43,1.29846471676406,2,-4.44089209850063e-16,2,-1.1148442267319e-16,0.82067879082866,2,0.051272542459263,-1.94872745754074,0.4574350166713,-0.140814385820631,2,-0.641303744726304,-1.11625302369853,-0.554056151398914,-0.336453219363949,2,-0.0722273801476937,1.19486764325983,-0.0707284156169593,0.606993187984276
343447,53,1.51481852800276,2,-4.44089209850063e-16,2,-1.1148442267319e-16,0.82067879082866,2,0.0529868243853204,-1.94701317561468,0.4574350166713,-0.140814385820631,1.36014511642484,2,0.610636780779406,0.879850283446117,0.261843379978013,2,-1.85137831193019,0.904007549103636,-0.931706749585616,0.454486321057721
146886,32,2.6765509992852,2,-4.44089209850063e-16,2,-1.1148442267319e-16,0.82067879082866,2,0.051658910018062,-1.94834108998194,0.4574350166713,-0.140814385820631,1.37302857301502,2,0.610242252334058,0.867516346196644,0.241873976176596,1.14636722780769,-2,0.89390591453459,-1.7426313820104,0.777723951013198
145916,32,1.37961286691481,2,-4.44089209850063e-16,2,-1.1148442267319e-16,0.82067879082866,2,0.0521179499486035,-1.9478820500514,0.4574350166713,-0.140814385820631,2,0.15008611227504,-1.9441974858302,0.0423638907048047,-0.941819737611373,2,0.0953597412948665,0.827943470962747,0.0249831901645784,0.411464972847502
147685,38,1.56965739865306,2,-4.44089209850063e-16,2,-1.1148442267319e-16,0.82067879082866,2,0.0513325305294858,-1.94866746947051,0.4574350166713,-0.140814385820631,2,-0.412978572035445,-1.05016605463451,-0.390210552150548,-0.358371878828683,1.73373995691192,-2,0.868616570641228,-1.14766101159879,0.493527787786526
291867,46,1.44243606804856,2,-4.44089209850063e-16,2,-1.1148442267319e-16,0.82067879082866,2,0.0514308842441051,-1.94856911575589,0.4574350166713,-0.140814385820631,2,0.0603821145398855,-1.91077291842995,0.0372130087274022,-0.961998019159922,2,1.59287147176886,0.514632583466595,0.770310376445573,0.2524687016493
167644,35,1.69332541806998,2,-4.44089209850063e-16,2,-1.1148442267319e-16,0.82067879082866,2,0.0525202901560993,-1.9474797098439,0.4574350166713,-0.140814385820631,1.48107196856388,2,0.479666245069369,0.71247489896812,0.192062300171091,1.61495737448261,-2,1.03057954199205,-1.24205864444813,0.640506326225761
166703,36,1.50633709606164,2,-4.44089209850063e-16,2,-1.1148442267319e-16,0.82067879082866,2,0.0521891981991556,-1.94781080180084,0.4574350166713,-0.140814385820631,2,-0.129462711167387,-1.67438607304735,0.0516935275779474,-0.948259053007183,2,-0.0316532524261909,0.917540119643723,-0.0206223012171811,0.456454828226771
164431,42,2.03716585855123,2,-4.44089209850063e-16,2,-1.1148442267319e-16,0.82067879082866,2,0.0520311563297615,-1.94796884367024,0.4574350166713,-0.140814385820631,1.34129795728475,2,0.623182245123237,1.40540406525687,0.47244813423363,2,0.658967276986218,0.711607225719369,0.298703542134513,0.343804722664376
335196,52,1.49642169763608,2,-4.44089209850063e-16,2,-1.1148442267319e-16,0.82067879082866,2,0.052767553552276,-1.94723244644772,0.4574350166713,-0.140814385820631,2,-0.0466999703888213,-1.73728474126884,0.0567035472694269,-0.942853998091234,2,-1.03643268341367,1.13005503970526,-0.513193714419863,0.560005190754822
166317,37,1.38160486521231,2,-4.44089209850063e-16,2,-1.1148442267319e-16,0.82067879082866,2,0.0519385735583278,-1.94806142644167,0.4574350166713,-0.140814385820631,1.45842712804432,2,0.487228788755239,0.705643897045903,0.193630843162681,2,-1.89327170393463,1.11837808961266,-0.948942393186307,0.558444330938931
168836,36,1.3793886552815,2,-4.44089209850063e-16,2,-1.1148442267319e-16,0.82067879082866,2,0.0524381956263171,-1.94756180437368,0.4574350166713,-0.140814385820631,2,0.253262293491305,-1.89806335106649,0.0863977503008799,-0.913573397809681,2,0.195532481661635,1.0868253717074,0.0872745995310236,0.541207691631681
167218,43,2.23344917301447,2,-4.44089209850063e-16,2,-1.1148442267319e-16,0.82067879082866,2,0.0515685344674528,-1.94843146553255,0.4574350166713,-0.140814385820631,1.23059147089781,2,0.740665898255436,0.0531573908208501,0.311943959311737,2,0.168103729708366,0.639750319954281,1.54013937178676,0.599606716434497
328332,51,2.32635489699335,2,-4.44089209850063e-16,2,-1.1148442267319e-16,0.82067879082866,2,0.0527247224318168,-1.94727527756818,0.4574350166713,-0.140814385820631,2,0.66884253334996,0.876834896470755,0.324462167270502,0.432757311128381,1.2080942334439,-2,0.842396474965662,-1.65403138219015,0.695734732623478
162788,33,2.54632348905214,2,-4.44089209850063e-16,2,-1.1148442267319e-16,0.82067879082866,2,0.0527855745801236,-1.94721442541988,0.4574350166713,-0.140814385820631,1.30256748522409,2,0.667969462973202,0.851712131831519,0.24749764607715,1.18411453505857,-2,0.845971285019162,-1.68563029280134,0.711156135144672
144755,32,1.551558405546,2,-4.44089209850063e-16,2,-1.1148442267319e-16,0.82067879082866,2,0.0513644760021255,-1.94863552399787,0.4574350166713,-0.140814385820631,1.43300160515837,2,0.54795276888471,0.88011580232058,0.258767052516676,2,-1.53113247300047,0.891759687797852,-0.773326387503761,0.446870962563014
164963,43,1.37283674058646,2,-4.44089209850063e-16,2,-1.1148442267319e-16,0.82067879082866,2,0.0522480585012199,-1.94775194149878,0.4574350166713,-0.140814385820631,2,0.167145658329772,-1.88552758464359,0.0690569665376222,-0.930010475308024,2,0.319088085683072,0.691211309235037,0.114373089601267,0.345097101094007
317962,50,1.5349654527692,2,-4.44089209850063e-16,2,-1.1148442267319e-16,0.82067879082866,2,0.0511228973826596,-1.94887710261734,0.4574350166713,-0.140814385820631,2,-0.492250162327037,-1.45030928870498,-0.294476392606785,-0.675464611010618,2,-0.793564089889767,1.24899575708945,-0.397390993955139,0.626193308942336
146506,33,1.50023231146058,2,-4.44089209850063e-16,2,-1.1148442267319e-16,0.82067879082866,2,0.0529233789254326,-1.94707662107457,0.4574350166713,-0.140814385820631,1.70984687989727,2,0.239112314247174,0.97342573814302,0.138725865491844,2,0.669295814404318,0.787315386357082,0.333437785499789,0.378981730115023
147542,32,3.29204271547014,2,-4.44089209850063e-16,2,-1.1148442267319e-16,0.82067879082866,2,0.0517947775003647,-1.94820522249964,0.4574350166713,-0.140814385820631,1.29019516035291,-2,0.769706619445626,-0.053714992487083,-0.449945473443032,1.0317293960409,2,0.976588598980961,-0.0689795695943288,-0.655743093972555
165388,43,1.41484280317218,2,-4.44089209850063e-16,2,-1.1148442267319e-16,0.82067879082866,2,0.0517062200719747,-1.94829377992803,0.4574350166713,-0.140814385820631,2,-0.289943853710427,-0.856913543404876,-0.310813592471549,-0.299998946838337,2,0.517096446596,0.446974120890273,0.348912426469827,0.237434996986916
290396,45,1.05312669380937,2,-4.44089209850063e-16,2,-1.1148442267319e-16,0.82067879082866,2,0.0517859548357897,-1.94821404516421,0.4574350166713,-0.140814385820631,1.9589621255741,2,0.00909899397769082,0.403235564107837,0.0463369139136725,2,-1.63375217719125,1.07120987309271,-0.815654072365312,0.53183392208971
164238,33,1.32511206997941,2,-4.44089209850063e-16,2,-1.1148442267319e-16,0.82067879082866,2,0.0524741061930012,-1.947525893807,0.4574350166713,-0.140814385820631,1.99162838579843,0.217100612420462,-2,-0.0179567185740834,-0.884436139384293,2,-0.373956144195696,0.924198315665044,-0.19774110935476,0.463282263777533
165282,36,2.48605135814458,2,-4.44089209850063e-16,2,-1.1148442267319e-16,0.82067879082866,2,0.0527097018999327,-1.94729029810007,0.4574350166713,-0.140814385820631,1.40200625615531,2,0.567306697586028,0.838394147644135,0.214872320391337,1.18038846396244,-2,0.857582175427173,-1.6910588892804,0.723159595811125
145638,38,1.42573170187079,2,-4.44089209850063e-16,2,-1.1148442267319e-16,0.82067879082866,2,0.0527285100895469,-1.94727148991045,0.4574350166713,-0.140814385820631,1.44465579077387,2,0.529573324774118,0.784988287763362,0.226063221499597,2,-1.45467628395858,0.937719795791509,-0.731914043985292,0.46721122988428
331127,51,1.61227573616378,2,-4.44089209850063e-16,2,-1.1148442267319e-16,0.82067879082866,2,0.0524767178382264,-1.94752328216177,0.4574350166713,-0.140814385820631,1.43234835659242,2,0.55021468058551,0.811399562974141,0.228700920134936,1.80529281196761,-2,0.994483409932098,-1.11200540083845,0.552845983991809
164347,35,1.45965355735092,2,-4.44089209850063e-16,2,-1.1148442267319e-16,0.82067879082866,2,0.0510015634295389,-1.94899843657046,0.4574350166713,-0.140814385820631,2,0.389331417267901,-1.57490807184315,0.202143742858209,-0.795927505654253,2,-0.594120584425322,0.964045621794244,-0.302203634992195,0.482678710121748
145156,32,2.80854492291892,2,-4.44089209850063e-16,2,-1.1148442267319e-16,0.82067879082866,2,0.0514077790004308,-1.94859222099957,0.4574350166713,-0.140814385820631,1.32302829903727,2,0.670293323108399,0.951042272273495,0.277389026089069,1.15669507795416,-2,0.880605507730472,-1.72657956848639,0.758787060304136
145774,37,1.24332376794454,2,-4.44089209850063e-16,2,-1.1148442267319e-16,0.82067879082866,2,0.0480541231429688,-1.95194587685703,0.4574350166713,-0.140814385820631,1.91757778632214,0.207040234583428,-2,-1.0295829208596,0.0646889605459165,2,0.24242446538324,0.082889333802507,0.445004797255849,0.20084981917625
336832,52,1.42756960422461,2,-4.44089209850063e-16,2,-1.1148442267319e-16,0.82067879082866,2,0.0526758757286676,-1.94732412427133,0.4574350166713,-0.140814385820631,2,0.0511007506187611,-1.81804055657401,0.0572052300157442,-0.94092274706925,2,-0.00428448358282026,1.11213253358461,0.00606916936938079,0.557145560959441
162558,33,1.36361712325711,2,-4.44089209850063e-16,2,-1.1148442267319e-16,0.82067879082866,2,0.0508520415543319,-1.94914795844567,0.4574350166713,-0.140814385820631,2,0.121453768510276,-1.99263402379907,-0.0956219587668398,-0.845421228661389,2,1.66668605060593,1.12980554620196,0.848934384026338,0.576385142941504
167032,37,1.28924451929423,2,-4.44089209850063e-16,2,-1.1148442267319e-16,0.82067879082866,2,0.052667530753628,-1.94733246924637,0.4574350166713,-0.140814385820631,1.65639253990291,2,0.278933952588706,0.555390220137391,0.116043719741247,1.86838525668653,-2,1.20093821034591,-1.07186115503027,0.64238644403339
161565,42,1.37985967949974,2,-4.44089209850063e-16,2,-1.1148442267319e-16,0.82067879082866,2,0.0523161823114364,-1.94768381768856,0.4574350166713,-0.140814385820631,2,0.194087798250674,-1.91830461632468,0.0672846644147258,-0.932502012318625,2,0.415277795846211,0.926201774726067,0.189183507652167,0.457990791977201
332517,52,1.08287294908038,2,-4.44089209850063e-16,2,-1.1148442267319e-16,0.82067879082866,2,0.0516764963503298,-1.94832350364967,0.4574350166713,-0.140814385820631,2,1.58050860451867,-0.563060423624546,0.251705140484689,-0.125237839623416,2,0.050411987560484,1.08943473043302,0.0236463316493249,0.547064511619159
147270,32,2.45702860011818,2,-4.44089209850063e-16,2,-1.1148442267319e-16,0.82067879082866,2,0.0525176386094381,-1.94748236139056,0.4574350166713,-0.140814385820631,1.38369749779962,2,0.585186035505314,0.835154329279295,0.21779660907815,1.20217807070034,-2,0.845730860449236,-1.66049226165102,0.700378002746788
166160,37,2.5785357632648,2,-4.44089209850063e-16,2,-1.1148442267319e-16,0.82067879082866,2,0.0528481472857563,-1.94715185271424,0.4574350166713,-0.140814385820631,1.37896079551349,2,0.600806641682124,0.827317735786236,0.231037212526621,1.1328695817307,-2,0.897056430279902,-1.76366526956993,0.789979168133223
161078,41,1.35201121535397,2,-4.44089209850063e-16,2,-1.1148442267319e-16,0.82067879082866,2,0.0495987605627894,-1.95040123943721,0.4574350166713,-0.140814385820631,2,-0.912432367548011,-0.800546172058056,-0.648948481313773,-0.221395224096858,2,-0.251724254031841,1.08963249360715,-0.155257833671544,0.561196026741311
290072,45,1.43224762077241,2,-4.44089209850063e-16,2,-1.1148442267319e-16,0.82067879082866,2,0.052010913561322,-1.94798908643868,0.4574350166713,-0.140814385820631,2,-0.00566435670558518,-1.81169682918734,0.0465651272622775,-0.953325407878819,2,0.488100964899056,0.633781327785776,0.20664954132477,0.31360823889091
145609,30,2.47416678031794,2,-4.44089209850063e-16,2,-1.1148442267319e-16,0.82067879082866,2,0.0510045110157686,-1.94899548898423,0.4574350166713,-0.140814385820631,1.47463246008023,2,0.473979050124361,0.775651174800167,0.17528809191432,1.17527684333858,-2,0.871338967702121,-1.69886195604489,0.738596429250872
147992,33,1.82280917595057,2,-4.44089209850063e-16,2,-1.1148442267319e-16,0.82067879082866,2,0.0522890016106905,-1.94771099838931,0.4574350166713,-0.140814385820631,2,-0.430381118362404,-0.982698128328108,0.183738241258393,-0.816211811792601,1.9874104273122,2,1.59410797771877,1.02220817155047,0.813038215283141
146682,37,3.63789774856042,2,-4.44089209850063e-16,2,-1.1148442267319e-16,0.82067879082866,2,0.047605999036507,-1.95239400096349,0.4574350166713,-0.140814385820631,1.09946084259579,-2,0.907800696026201,-1.81641829780738,0.82410289313285,1.39902309906425,2,0.64615310278898,0.923783308405326,0.285509415705181
292616,46,1.51797070194155,2,-4.44089209850063e-16,2,-1.1148442267319e-16,0.82067879082866,2,0.0516995974093133,-1.94830040259069,0.4574350166713,-0.140814385820631,2,0.981062913946825,-0.889805385377188,0.535466421634291,-0.461937621360535,2,0.253772478456655,0.858566823631012,0.157884610548572,0.430030578180337
143634,32,2.62230838989882,2,-4.44089209850063e-16,2,-1.1148442267319e-16,0.82067879082866,2,0.0512192575451977,-1.9487807424548,0.4574350166713,-0.140814385820631,1.41318815412512,2,0.573062264900822,0.806345866810661,0.219695636235116,1.13387183342828,-2,0.907353192318857,-1.76224075030084,0.79859793253583
166963,36,1.72764149308328,2,-4.44089209850063e-16,2,-1.1148442267319e-16,0.82067879082866,2,0.049592013249488,-1.95040798675051,0.4574350166713,-0.140814385820631,2,0.0257067514394387,-1.92604409847252,0.0162609569606346,-0.957964680020051,2,1.40997526773078,1.06141952298757,0.68980748725102,0.495919949128551
143343,37,1.0326254384417,2,-4.44089209850063e-16,2,-1.1148442267319e-16,0.82067879082866,2,0.0506111018845365,-1.94938889811546,0.4574350166713,-0.140814385820631,2,1.98036325126591,-0.133526277356574,0.329522256263196,0.00787486339107917,2,-1.21775616544229,1.10738266766591,-0.603763247098045,0.551753734763225
325230,57,1.42556291981177,2,-4.44089209850063e-16,2,-1.1148442267319e-16,0.82067879082866,2,0.0513923585996867,-1.94860764140031,0.4574350166713,-0.140814385820631,2,0.225995669546416,-1.60772351883464,0.157733850479391,-0.842185353117201,2,0.50737313526306,0.635475509914106,0.194213591536529,0.31141541420579
147002,31,1.03209778729796,2,-4.44089209850063e-16,2,-1.1148442267319e-16,0.82067879082866,2,0.0520979898213394,-1.94790201017866,0.4574350166713,-0.140814385820631,2,1.57155602131827,-0.569639378874091,0.179435600873324,-0.106100611843201,2,-0.166108020581297,1.06719838638121,-0.083604876938306,0.539608346362549
145303,33,1.39105836767717,2,-4.44089209850063e-16,2,-1.1148442267319e-16,0.82067879082866,2,0.0513744024733376,-1.94862559752666,0.4574350166713,-0.140814385820631,2,0.284654840495091,-1.87935322082581,0.0759605090832454,-0.88057857316359,2,-0.0500250301885037,0.922436519626936,-0.038518055348133,0.459631409852078
167851,45,1.05494312760742,2,-4.44089209850063e-16,2,-1.1148442267319e-16,0.82067879082866,2,0.0498982670851598,-1.95010173291484,0.4574350166713,-0.140814385820631,1.97141679936714,0.276105021167688,-2,-1.01652638564057,0.0783021130035266,2,0.110743251675108,0.100327555755736,0.362555720702813,0.193799698149838
295329,46,1.52174660109878,2,-4.44089209850063e-16,2,-1.1148442267319e-16,0.82067879082866,2,0.0510380381696076,-1.94896196183039,0.4574350166713,-0.140814385820631,2,-0.0241702488847639,-1.7425191914799,0.0610152841170788,-0.938665021522779,2,0.967579953668321,1.56909959883864,0.475015598162048,0.767316347950081
163135,37,1.12046942686549,2,-4.44089209850063e-16,2,-1.1148442267319e-16,0.82067879082866,2,0.0508402398692176,-1.94915976013078,0.4574350166713,-0.140814385820631,1.82455556916509,2,0.071982125130214,0.425818495136265,0.0623793367669969,2,-1.79721633493372,1.14615370888334,-0.898821891849864,0.570271773371267
168200,38,1.81996875399911,2,-4.44089209850063e-16,2,-1.1148442267319e-16,0.82067879082866,2,0.0496867460951498,-1.95031325390485,0.4574350166713,-0.140814385820631,1.87283891456409,0.18518214764376,-2,-0.200417935900335,-0.763777927858455,2,0.980686511779488,1.04261383467384,0.468579777794856,0.49901388482397
164573,44,2.76905932430105,2,-4.44089209850063e-16,2,-1.1148442267319e-16,0.82067879082866,2,0.0521126554532418,-1.94788734454676,0.4574350166713,-0.140814385820631,1.29283607043539,2,0.694270244096082,0.935040637064357,0.274249831542527,1.15236518728605,-2,0.891105533824917,-1.73291038558638,0.770691372936132
324288,52,1.08520259061146,2,-4.44089209850063e-16,2,-1.1148442267319e-16,0.82067879082866,2,0.0491154985966149,-1.95088450140339,0.4574350166713,-0.140814385820631,2,0.174392827504527,-1.97083666463503,-1.00099779715114,0.0550189253643081,2,-0.157691852703675,0.146239570593705,0.175463485717142,0.157388733325404
146171,28,1.20167948225201,2,-4.44089209850063e-16,2,-1.1148442267319e-16,0.82067879082866,2,0.0524200756907875,-1.94757992430921,0.4574350166713,-0.140814385820631,1.62502529773327,2,0.311922812411197,0.532522339937025,0.12070771060165,2,-1.21270797397519,1.10763906818488,-0.602608091890282,0.551249570104984
168651,37,1.38035883342977,2,-4.44089209850063e-16,2,-1.1148442267319e-16,0.82067879082866,2,0.0531347775232223,-1.94686522247678,0.4574350166713,-0.140814385820631,1.91984052698572,0.188022623902438,-2,0.0144264503752637,-0.960844870910336,2,0.121204397041417,0.989467330798068,0.0424572553647581,0.490318549652035
164601,44,1.80169845846792,2,-4.44089209850063e-16,2,-1.1148442267319e-16,0.82067879082866,2,0.0520484153280112,-1.94795158467199,0.4574350166713,-0.140814385820631,2,1.46689093037048,-0.255258976494099,1.13438140698194,0.134409610825526,2,-1.02974624538188,0.704466615295288,-0.576774979200088,0.31869859508722
294846,47,0.992006131577347,2,-4.44089209850063e-16,2,-1.1148442267319e-16,0.82067879082866,2,0.0531741058541646,-1.94682589414584,0.4574350166713,-0.140814385820631,2,1.20028117978571,-1.00668786760182,-0.0216336684528728,-0.207129845771409,2,0.0792191340497039,0.8542567498966,0.0270113596778115,0.441785105692977
146142,28,1.44490460402765,2,-4.44089209850063e-16,2,-1.1148442267319e-16,0.82067879082866,2,0.0514760279752779,-1.94852397202472,0.4574350166713,-0.140814385820631,2,0.112905629340281,-1.83019473207764,0.0705891837419772,-0.929006731692508,2,0.0497714483727191,0.764146570521983,0.0164807772475987,0.378231939947073
147193,37,1.3949228869286,2,-4.44089209850063e-16,2,-1.1148442267319e-16,0.82067879082866,2,0.0525297514166707,-1.94747024858333,0.4574350166713,-0.140814385820631,1.96354203828097,0.209104189210973,-2,0.0423848665085143,-0.957610161324955,2,0.0144727313155902,1.23976815701366,0.00362772069182959,0.61703277374461
144256,42,1.44949022126812,2,-4.44089209850063e-16,2,-1.1148442267319e-16,0.82067879082866,2,0.0507092706855581,-1.94929072931444,0.4574350166713,-0.140814385820631,1.92348862723086,0.207697563115786,-2,0.0327652883514259,-0.967207185693774,2,0.451797195772627,1.0317409937737,0.205332700961804,0.504607695624923
294980,51,1.09355458146192,2,-4.44089209850063e-16,2,-1.1148442267319e-16,0.82067879082866,2,0.0501769028786987,-1.9498230971213,0.4574350166713,-0.140814385820631,1.96665182072399,0.165365823432691,-2,-0.83860658644856,-0.122956411993825,2,0.168395010327061,0.217636319053562,0.336781661526381,0.163935789283417
0,0,0.189826091589051,2,-4.44089209850063e-16,2,-1.1148442267319e-16,0.82067879082866,2,2,0,0.6681786379477,0,1,0,0,0,0,1,0,0,0,0
0,0,0.189826091589051,2,-4.44089209850063e-16,2,-1.1148442267319e-16,0.82067879082866,2,2,0,0.6681786379477,0,1,0,0,0,0,1,0,0,0,0
161386,42,1.498476980551,2,-4.44089209850063e-16,2,-1.1148442267319e-16,0.82067879082866,2,0.0525436955008236,-1.94745630449918,0.4574350166713,-0.140814385820631,2,0.0020417274903628,-1.84461532277871,0.0400085591463766,-0.959875457645049,2,1.5586218108477,1.17535191961309,0.840629536070277,0.603128239437245
321081,53,1.40345069163557,2,-4.44089209850063e-16,2,-1.1148442267319e-16,0.82067879082866,2,0.051281646654429,-1.94871835334557,0.4574350166713,-0.140814385820631,1.95202956029681,0.209357207783899,-2,-0.0563133733501147,-0.868201927654966,2,0.730798589318933,0.366264151418097,0.407489202170914,0.182939186222875
162697,59,2.2062529909231,2,-4.44089209850063e-16,2,-1.1148442267319e-16,0.82067879082866,2,0.0506773018733206,-1.94932269812668,0.4574350166713,-0.140814385820631,1.23325814619651,2,0.742816615109842,0.447242352063176,0.325841442936642,2,0.97128820358248,0.706574513131536,1.49421443147126,0.583197187986288
164425,51,2.1227362478136,2,-4.44089209850063e-16,2,-1.1148442267319e-16,0.82067879082866,2,0.0517013515964786,-1.94829864840352,0.4574350166713,-0.140814385820631,1.22509009530789,2,0.752950540138541,0.320210238907216,0.307074927513848,2,0.811051621644667,0.681854736612776,1.52575481708188,0.601666721196883
164665,64,1.49286961426197,2,-4.44089209850063e-16,2,-1.1148442267319e-16,0.82067879082866,2,0.0511435226544346,-1.94885647734557,0.4574350166713,-0.140814385820631,2,-0.0716166169387276,-1.83261541064053,0.0244266339002941,-0.975451700923982,2,-0.119577064688512,0.987017255716917,-0.0670238744219137,0.495751114140861
322770,74,1.66298469969378,2,-4.44089209850063e-16,2,-1.1148442267319e-16,0.82067879082866,2,0.051913832504018,-1.94808616749598,0.4574350166713,-0.140814385820631,2,0.026736322216073,-1.78384819324591,0.0606770648525851,-0.935241062361276,2,0.337310393364484,0.661716586108349,0.314294363729313,0.358843779026202
164743,40,1.42601750704776,2,-4.44089209850063e-16,2,-1.1148442267319e-16,0.82067879082866,2,0.0524749705329464,-1.94752502946705,0.4574350166713,-0.140814385820631,2,-0.161393025003875,-1.69146182727327,0.0386749995336314,-0.961317569398966,2,0.572803235445079,0.633968326312151,0.212535398064176,0.310763029101412
163333,31,1.473123671608,2,-4.44089209850063e-16,2,-1.1148442267319e-16,0.82067879082866,2,0.0528251357105192,-1.94717486428948,0.4574350166713,-0.140814385820631,2,-0.084388396272596,-1.80166099284086,0.0294128256590551,-0.970216720731927,2,0.523921203815426,0.844191003148406,0.273796482797309,0.409985683425812
162752,43,1.40420499987065,2,-4.44089209850063e-16,2,-1.1148442267319e-16,0.82067879082866,2,0.0523993078464509,-1.94760069215355,0.4574350166713,-0.140814385820631,2,-0.0661540316965863,-1.69838929909216,0.0615803556521792,-0.938333273659654,2,0.59787997704429,0.68783361120926,0.212450304942845,0.328952402780627
322619,60,1.48886608231517,2,-4.44089209850063e-16,2,-1.1148442267319e-16,0.82067879082866,2,0.0513096384590725,-1.94869036154093,0.4574350166713,-0.140814385820631,1.81667284960673,0.268434736916048,-2,-0.101812480386871,-0.853840044229676,2,1.50902668510661,1.2147414044018,0.748684973031692,0.56252035758091
165392,39,1.42093485599331,2,-4.44089209850063e-16,2,-1.1148442267319e-16,0.82067879082866,2,0.0528691116365569,-1.94713088836344,0.4574350166713,-0.140814385820631,2,-0.158851505305283,-1.78154434825532,0.0150123134462039,-0.984890283532526,2,0.128464847505857,1.07522061020857,0.0620513401415149,0.527279409703645
162451,32,1.40121522495536,2,-4.44089209850063e-16,2,-1.1148442267319e-16,0.82067879082866,2,0.0532897899448046,-1.9467102100552,0.4574350166713,-0.140814385820631,1.97157958078056,0.182967171658219,-2,-0.00462032020478764,-0.921541695666912,2,0.934965402949087,0.666478895505702,0.530263099709563,0.34819541402713
164094,44,2.18222820311937,2,-4.44089209850063e-16,2,-1.1148442267319e-16,0.82067879082866,2,0.0509555165649411,-1.94904448343506,0.4574350166713,-0.140814385820631,1.35110764538156,2,0.615198855557796,1.460974968808,0.460981429762053,2,1.35183677658092,0.594629430083234,0.696702813423909,0.291260199154153
324050,54,1.47735035900557,2,-4.44089209850063e-16,2,-1.1148442267319e-16,0.82067879082866,2,0.0522394983323793,-1.94776050166762,0.4574350166713,-0.140814385820631,2,-0.00187518864333236,-1.92105922183623,0.0196333570158493,-0.98036507567906,2,0.80059843395809,1.38113522939942,0.425925797449905,0.687823506554361
167922,36,1.51357740733602,2,-4.44089209850063e-16,2,-1.1148442267319e-16,0.82067879082866,2,0.0527060125527272,-1.94729398744727,0.4574350166713,-0.140814385820631,2,-1.97098714823931,-0.0288917381347334,-0.869807994409579,-0.130125284651033,2,0.161342343569029,1.49765379879036,0.0737220130495428,0.69456843652198
167871,33,1.48054631355359,2,-4.44089209850063e-16,2,-1.1148442267319e-16,0.82067879082866,2,0.0527175774549211,-1.94728242254508,0.4574350166713,-0.140814385820631,2,-0.81226565306281,-0.170081401273307,-0.44564252611702,-0.0504880336600733,2,-0.23208168902354,-1.6320340252649,0.0357106072112862,-0.964224055154239
168461,45,1.46665645455975,2,-4.44089209850063e-16,2,-1.1148442267319e-16,0.82067879082866,2,0.0521433802631965,-1.9478566197368,0.4574350166713,-0.140814385820631,2,-0.0331404551577723,-1.82100915645328,0.0372160100363215,-0.962684541146318,2,0.190574835984002,0.81791151785382,0.104045538805141,0.398541133885899
332326,56,1.42164949828831,2,-4.44089209850063e-16,2,-1.1148442267319e-16,0.82067879082866,2,0.0520632844936788,-1.94793671550632,0.4574350166713,-0.140814385820631,2,0.0203494400880022,-1.83333358171564,0.0471317722942577,-0.952579764222288,2,0.39795499921149,0.772745539123534,0.160238643992489,0.38887400938403
147403,34,2.01926292183986,2,-4.44089209850063e-16,2,-1.1148442267319e-16,0.82067879082866,2,0.0524428289729832,-1.94755717102702,0.4574350166713,-0.140814385820631,1.30596274207503,2,0.657701289364085,1.44262668048465,0.515520924437317,2,0.747571743431798,0.502234732514661,0.310129226351914,0.22876749615969
146817,28,1.4116635413327,2,-4.44089209850063e-16,2,-1.1148442267319e-16,0.82067879082866,2,0.0524939897466263,-1.94750601025337,0.4574350166713,-0.140814385820631,2,0.257905390013363,-1.68509635433977,0.142151291923051,-0.856082768065414,2,0.702183139420667,0.967826854624957,0.348184603938455,0.469187302861319
146783,40,1.5126296235365,2,-4.44089209850063e-16,2,-1.1148442267319e-16,0.82067879082866,2,0.0529220396672352,-1.94707796033276,0.4574350166713,-0.140814385820631,2,0.127983253530995,-1.78436170334802,0.0862338750108199,-0.913458313644442,2,0.58093134245387,0.680338044662051,0.379250821345475,0.353555115054813
288127,49,1.41138707836539,2,-4.44089209850063e-16,2,-1.1148442267319e-16,0.82067879082866,2,0.0505806141001193,-1.94941938589988,0.4574350166713,-0.140814385820631,1.89135926162262,0.108908676495795,-2,-0.0788671403204332,-0.921000689169528,2,0.743319795155762,0.934142424117809,0.333484899384335,0.442643627598881
164940,36,1.38479941170248,2,-4.44089209850063e-16,2,-1.1148442267319e-16,0.82067879082866,2,0.0515136103669092,-1.94848638963309,0.4574350166713,-0.140814385820631,2,1.62738351499631,-0.471974627636746,0.687941573994745,-0.193276664622933,2,1.18607876630617,0.671752162556376,0.620701718181107,0.318218116508079
167315,32,1.52307626015524,2,-4.44089209850063e-16,2,-1.1148442267319e-16,0.82067879082866,2,0.0512007727366959,-1.9487992272633,0.4574350166713,-0.140814385820631,2,0.00420068171106336,-1.88791008002742,0.0295486570103368,-0.969867750905348,2,0.410481731774899,0.778748505680045,0.226087199102327,0.391207803932382
164065,44,1.50700793294502,2,-4.44089209850063e-16,2,-1.1148442267319e-16,0.82067879082866,2,0.0509160311100705,-1.94908396888993,0.4574350166713,-0.140814385820631,2,0.519325129128938,-1.12533556876255,0.370748680365312,-0.628270506264736,2,0.74104013911527,0.886568729469496,0.314053327906841,0.430010456941068
326376,54,1.53159848399486,2,-4.44089209850063e-16,2,-1.1148442267319e-16,0.82067879082866,2,0.0521656738606147,-1.94783432613939,0.4574350166713,-0.140814385820631,2,0.677735549398537,-1.17964638031761,0.39529651918554,-0.603387387149329,2,-0.6427551940916,0.205247226635177,-0.270159506555205,0.0583040478930406
145882,34,1.41030770554881,2,-4.44089209850063e-16,2,-1.1148442267319e-16,0.82067879082866,2,0.0522962042746036,-1.9477037957254,0.4574350166713,-0.140814385820631,2,0.0704262388912082,-1.98139417926127,0.00549362391245889,-0.962586096091886,2,0.137621888426303,0.821158046565926,0.0956009530717274,0.415542303294289
165641,31,1.49129458908873,2,-4.44089209850063e-16,2,-1.1148442267319e-16,0.82067879082866,2,0.0526019379086415,-1.94739806209136,0.4574350166713,-0.140814385820631,2,-0.0473478298695593,-1.79458057335851,0.0402626363287664,-0.959453256634144,2,0.910522589830177,0.737038513131693,0.492435018287842,0.375474466595638
164821,45,1.44318061461773,2,-4.44089209850063e-16,2,-1.1148442267319e-16,0.82067879082866,2,0.0518734642573808,-1.94812653574262,0.4574350166713,-0.140814385820631,2,-0.204521677306984,-1.72882961297896,0.0175716096051017,-0.982364754505821,2,0.563953751103036,0.521766773810156,0.197491786721986,0.26193744046081
326033,54,1.59553640508838,2,-4.44089209850063e-16,2,-1.1148442267319e-16,0.82067879082866,2,0.0520465857645538,-1.94795341423545,0.4574350166713,-0.140814385820631,2,-0.014187221900448,-1.719680951887,0.0676002129119213,-0.93239173594932,2,0.886036153331492,0.500323753094333,0.547987151991128,0.299242825697854
167338,37,1.47237121878374,2,-4.44089209850063e-16,2,-1.1148442267319e-16,0.82067879082866,2,0.0527628528717881,-1.94723714712821,0.4574350166713,-0.140814385820631,2,0.901816991969586,-0.82230455690724,0.550981539457732,-0.449006757093634,2,1.01262228633178,1.17242396716295,0.486709886511773,0.560826907464469
160864,31,1.52651462241811,2,-4.44089209850063e-16,2,-1.1148442267319e-16,0.82067879082866,2,0.0508811740864319,-1.94911882591357,0.4574350166713,-0.140814385820631,2,0.415530119334121,-1.32158275400776,0.284527743654044,-0.713285824055334,2,0.982098118344337,1.15950859571735,0.485656294914944,0.570231004071431
160520,44,1.59891920085289,2,-4.44089209850063e-16,2,-1.1148442267319e-16,0.82067879082866,2,0.0506782939247414,-1.94932170607526,0.4574350166713,-0.140814385820631,2,0.000394208154656628,-1.77206681383401,0.0575986378938357,-0.941252899874293,1.8878595659182,-2,0.71673545869516,-1.0627367716994,0.383597535000002
327798,56,1.48220850744187,2,-4.44089209850063e-16,2,-1.1148442267319e-16,0.82067879082866,2,0.0528311490881168,-1.94716885091188,0.4574350166713,-0.140814385820631,2,-0.113438186306763,-1.81674074932311,0.0197114901192461,-0.980241429785746,2,1.01969030226622,0.747624490974039,0.405137782795084,0.336452296021821
147806,34,2.70400300893544,2,-4.44089209850063e-16,2,-1.1148442267319e-16,0.82067879082866,2,0.0516345759667527,-1.94836542403325,0.4574350166713,-0.140814385820631,1.83237783187444,-2,0.235536717552262,-1.10661598140813,0.146556429112648,1.14101275792698,2,0.833173082798648,1.53418182834154,0.614594776719806
165241,36,1.53218614462343,2,-4.44089209850063e-16,2,-1.1148442267319e-16,0.82067879082866,2,0.0526611095633098,-1.94733889043669,0.4574350166713,-0.140814385820631,2,-0.0348273294882977,-1.72746007690126,0.0606014140747536,-0.938475907439247,2,1.04278494439466,0.292432842885765,0.598000453488432,0.150104664975747
147322,40,1.43276980068058,2,-4.44089209850063e-16,2,-1.1148442267319e-16,0.82067879082866,2,0.0521149414650086,-1.94788505853499,0.4574350166713,-0.140814385820631,2,0.917815632098308,-1.02611166752928,0.480507528576338,-0.5194294185092,2,0.499143800281801,0.684375770001972,0.229208868116999,0.332272057881191
328246,54,3.95529242951751,2,-4.44089209850063e-16,2,-1.1148442267319e-16,0.82067879082866,2,0.0524981183398783,-1.94750188166012,0.4574350166713,-0.140814385820631,1.19265928621015,-2,0.828002327274859,-0.134596350475928,-0.45122228089452,1.30104572488032,2,0.786615126814051,0.0706225195316462,-0.929314482572473
162925,35,1.37751983190982,2,-4.44089209850063e-16,2,-1.1148442267319e-16,0.82067879082866,2,0.052689139691944,-1.94731086030806,0.4574350166713,-0.140814385820631,1.92041654415052,0.185611165698529,-2,-0.105587974166775,-0.844990718342915,1.97707722076047,2,0.890034266754203,1.06165389241353,0.467594076020219
162112,31,1.5968736554064,2,-4.44089209850063e-16,2,-1.1148442267319e-16,0.82067879082866,2,0.0508743383489176,-1.94912566165108,0.4574350166713,-0.140814385820631,2,0.505308184810067,-1.06849234496683,0.38340375752566,-0.615668155169561,2,1.15726330506426,0.954578517242159,0.596396330697977,0.489972826621729
165326,45,1.445112315325,2,-4.44089209850063e-16,2,-1.1148442267319e-16,0.82067879082866,2,0.0521244322378267,-1.94787556776217,0.4574350166713,-0.140814385820631,2,-0.572404833470082,-1.28397651926387,-0.208858779352279,-0.716327346883526,2,0.637807631345816,0.557613928520266,0.271829146620696,0.270211380858485
332772,55,1.3461716834379,2,-4.44089209850063e-16,2,-1.1148442267319e-16,0.82067879082866,2,0.0533853074207835,-1.94661469257922,0.4574350166713,-0.140814385820631,1.96611951529652,0.293389469821276,-2,-0.0178629519269625,-0.861900928696281,2,0.984451138900606,0.699855710287919,0.546054491656129,0.36112443153414
163258,38,1.42315075553427,2,-4.44089209850063e-16,2,-1.1148442267319e-16,0.82067879082866,2,0.0524904360072447,-1.94750956399276,0.4574350166713,-0.140814385820631,1.85902155752355,0.191476379934439,-2,-0.0223940561923516,-0.952193481352764,2,1.43906887717458,1.13674343006866,0.71654490913839,0.550301930994286
164522,32,1.4234523083713,2,-4.44089209850063e-16,2,-1.1148442267319e-16,0.82067879082866,2,0.0512442070661436,-1.94875579293386,0.4574350166713,-0.140814385820631,2,-0.0247218178626378,-1.83922581439161,0.0342969705077166,-0.965126851414226,2,0.275579402737488,0.727692223811052,0.0675165343687837,0.370506657672764
147568,40,2.53600120401418,2,-4.44089209850063e-16,2,-1.1148442267319e-16,0.82067879082866,2,0.0522085156527357,-1.94779148434726,0.4574350166713,-0.140814385820631,2,1.21485023182664,0.924472609229936,0.595926659170256,0.448584226676994,1.1155325278359,-2,0.913936514744862,-1.79166577497943,0.818028645590945
330434,54,1.50021220019371,2,-4.44089209850063e-16,2,-1.1148442267319e-16,0.82067879082866,2,0.0531919307079152,-1.94680806929208,0.4574350166713,-0.140814385820631,2,-0.0878346088723838,-1.4721039636088,0.120097446646293,-0.879054856593193,2,-0.315397849513833,0.86024180331686,-0.192783710946421,0.430084016427714
160297,35,2.1471289318022,2,-4.44089209850063e-16,2,-1.1148442267319e-16,0.82067879082866,2,0.0508856076721369,-1.94911439232786,0.4574350166713,-0.140814385820631,1.28312431091483,2,0.685583438617398,1.48857484296358,0.537017443436205,2,0.907791361680123,0.647463308423265,0.401275128190497,0.299153928359133
161605,31,2.20869560672898,2,-4.44089209850063e-16,2,-1.1148442267319e-16,0.82067879082866,2,0.0512847719531515,-1.94871522804685,0.4574350166713,-0.140814385820631,1.2211627630395,2,0.762512704393355,0.402190184383155,0.287431495494834,2,0.917160551497304,0.620112822127085,1.54697418444392,0.60573125893535
160985,44,1.51988528397067,2,-4.44089209850063e-16,2,-1.1148442267319e-16,0.82067879082866,2,0.052601098222488,-1.94739890177751,0.4574350166713,-0.140814385820631,2,0.706831502743375,-0.994146775956861,0.448488820256552,-0.551453432539888,2,1.62849789653254,1.1863043311306,0.837599115152066,0.615120594262272
333014,58,1.51482119087947,2,-4.44089209850063e-16,2,-1.1148442267319e-16,0.82067879082866,2,0.0524905500720008,-1.947509449928,0.4574350166713,-0.140814385820631,1.88670375204772,0.291529968178398,-2,0.0444353483017119,-0.955564566134143,2,1.02334608412503,0.616071134063792,0.609687280612992,0.327186002871954
164972,38,2.17000493884603,2,-4.44089209850063e-16,2,-1.1148442267319e-16,0.82067879082866,2,0.0524167472758916,-1.94758325272411,0.4574350166713,-0.140814385820631,1.2046277281202,2,0.781508726932578,0.357562380344589,0.27991203179495,2,0.844911313542071,0.607670719373781,1.560785947208,0.629638267810979
145042,28,1.35338410968526,2,-4.44089209850063e-16,2,-1.1148442267319e-16,0.82067879082866,2,0.0526546801025431,-1.94734531989746,0.4574350166713,-0.140814385820631,1.89279424278804,0.176406788397286,-2,-0.0510732090230742,-0.915171409292786,2,0.785735012693395,1.03438972394018,0.365597934667436,0.496922886537631
145203,39,2.29033673492214,2,-4.44089209850063e-16,2,-1.1148442267319e-16,0.82067879082866,2,0.052335776019387,-1.94766422398061,0.4574350166713,-0.140814385820631,2,-0.257052809275328,0.0333677822750766,-0.103969135511495,-0.0095879384853554,1.27000796153739,-2,0.791065117913359,-1.56425622932282,0.613213029163509
284905,48,1.33012970222845,2,-4.44089209850063e-16,2,-1.1148442267319e-16,0.82067879082866,2,0.0512904359751987,-1.9487095640248,0.4574350166713,-0.140814385820631,1.96133629626607,0.18248619130501,-2,-0.00209450966551605,-0.928517766605764,2,0.657400372344944,0.912550036596572,0.255339165622825,0.429400180615689
146637,33,1.62252701058445,2,-4.44089209850063e-16,2,-1.1148442267319e-16,0.82067879082866,2,0.052461779290323,-1.94753822070968,0.4574350166713,-0.140814385820631,1.63816965129645,2,0.294812866162375,1.1160661210608,0.229408746229555,2,0.856893540801453,0.459170556350228,0.391569357990353,0.188023269349143
148522,29,2.53470499369714,2,-4.44089209850063e-16,2,-1.1148442267319e-16,0.82067879082866,2,0.0521527751053532,-1.94784722489465,0.4574350166713,-0.140814385820631,2,1.29046894675089,-0.152341063528835,0.891941311452829,-0.10789967832912,1.31412346108903,2,1.05944397253226,1.54819024496072,0.845735378769124
145377,40,1.59520739208796,2,-4.44089209850063e-16,2,-1.1148442267319e-16,0.82067879082866,2,0.0510220169720559,-1.94897798302794,0.4574350166713,-0.140814385820631,2,1.44493142912372,-0.355444291690994,0.791716663958753,-0.208073153222651,2,1.96659338808847,1.58137355546479,1.07122998843052,0.868677096695856
290389,49,1.40620959723313,2,-4.44089209850063e-16,2,-1.1148442267319e-16,0.82067879082866,2,0.0517063482178466,-1.94829365178215,0.4574350166713,-0.140814385820631,1.93987808067796,0.180654151546254,-2,-0.0367526664697533,-0.905213319399205,2,1.37026217651496,0.678750261656745,0.705887327874315,0.334720843986893
165423,39,1.73921527912,2,-4.44089209850063e-16,2,-1.1148442267319e-16,0.82067879082866,2,0.0527856324847003,-1.9472143675153,0.4574350166713,-0.140814385820631,2,-0.166263543278678,-1.67183652283702,0.0424093166378424,-0.957283716124063,1.70459801945001,-2,0.914052349644113,-1.18310123452272,0.54359422844755
164056,32,1.54467931901624,2,-4.44089209850063e-16,2,-1.1148442267319e-16,0.82067879082866,2,0.0528577723378421,-1.94714222766216,0.4574350166713,-0.140814385820631,2,-0.199614813010838,-1.73919207516383,0.0156525154843077,-0.983583507777542,2,0.478127126253262,0.621332378782629,0.295805092266592,0.315753757074593
161919,44,1.43939952718245,2,-4.44089209850063e-16,2,-1.1148442267319e-16,0.82067879082866,2,0.0521650930257866,-1.94783490697421,0.4574350166713,-0.140814385820631,2,-1.26529480492431,-0.734681976827896,-0.494395842139579,-0.505591395930032,2,1.25296805830444,0.600373277083621,0.510016684086202,0.246724939471039
323627,54,1.4663609979059,2,-4.44089209850063e-16,2,-1.1148442267319e-16,0.82067879082866,2,0.0522918469522999,-1.9477081530477,0.4574350166713,-0.140814385820631,2,-0.101244171599422,-1.79158358490678,0.0274850847126237,-0.972061860809916,2,0.227024711661478,1.09887825881265,0.0993056874294939,0.546471327506718
145736,33,1.57709295644169,2,-4.44089209850063e-16,2,-1.1148442267319e-16,0.82067879082866,2,0.0515732548288355,-1.94842674517116,0.4574350166713,-0.140814385820631,1.70697561380945,2,0.228734439887965,1.10004103886834,0.179839985351576,2,0.932942930549216,0.516110954678602,0.400962639905239,0.215213618433699
167137,34,2.82561761610501,2,-4.44089209850063e-16,2,-1.1148442267319e-16,0.82067879082866,2,0.0514428514238987,-1.9485571485761,0.4574350166713,-0.140814385820631,2,0.0173833262541214,-1.30342319343805,0.19556902964345,-0.804313931598794,1.12727795950767,2,1.03995186579471,1.76787325909003,0.921017762692027
148298,42,1.52297527343965,2,-4.44089209850063e-16,2,-1.1148442267319e-16,0.82067879082866,2,0.0521893357537189,-1.94781066424628,0.4574350166713,-0.140814385820631,2,0.806164577791446,0.690637635770289,0.484311485585271,0.373221561662186,1.992515305893,-2,1.14981062819099,-1.00773927726867,0.578159843725944
334070,56,1.47535008594147,2,-4.44089209850063e-16,2,-1.1148442267319e-16,0.82067879082866,2,0.0517755116846006,-1.9482244883154,0.4574350166713,-0.140814385820631,2,0.171690304656766,-1.73059121426452,0.113066135673924,-0.88583844510657,2,0.755876366399064,0.518661243853693,0.377841419324731,0.242626264024703
168412,40,1.44470950610908,2,-4.44089209850063e-16,2,-1.1148442267319e-16,0.82067879082866,2,0.0522187235069205,-1.94778127649308,0.4574350166713,-0.140814385820631,2,0.547481385464408,-1.20728616752304,0.347010277649206,-0.648096238146782,2,0.734183532976535,1.02858185415228,0.328180647534208,0.488398059793318
165411,34,1.41777067420769,2,-4.44089209850063e-16,2,-1.1148442267319e-16,0.82067879082866,2,0.0513024617866908,-1.94869753821331,0.4574350166713,-0.140814385820631,1.89981522027724,0.198434065582589,-2,-0.00867126680310493,-0.942734126411192,2,0.811358958920633,1.02543617466324,0.386861217477059,0.496137971685165
161940,46,1.45439930733035,2,-4.44089209850063e-16,2,-1.1148442267319e-16,0.82067879082866,2,0.0517747770092905,-1.94822522299071,0.4574350166713,-0.140814385820631,2,-0.0896027222773792,-1.74773721407422,0.042136525666703,-0.957500656845108,2,0.506549161819743,0.782206979214386,0.202732334706575,0.385653652932997
327953,57,1.75828353808694,2,-4.44089209850063e-16,2,-1.1148442267319e-16,0.82067879082866,2,0.0514121019580656,-1.94858789804193,0.4574350166713,-0.140814385820631,2,-0.183522466870308,-1.74661081846006,0.0212142870929806,-0.978602592443262,2,-0.0346129048860098,1.233299253653,-0.0224748571381319,0.604682363752764
169552,35,2.04125307303028,2,-4.44089209850063e-16,2,-1.1148442267319e-16,0.82067879082866,2,0.0505628679958816,-1.94943713200412,0.4574350166713,-0.140814385820631,1.81423627163566,0.25319482009336,-2,-0.354157506285974,-0.611052187537927,1.60702634356046,2,0.913228547635287,1.37249905767984,0.645293715871877
149247,29,1.42396803172939,2,-4.44089209850063e-16,2,-1.1148442267319e-16,0.82067879082866,2,0.0537475578527939,-1.94625244214721,0.4574350166713,-0.140814385820631,2,-0.087299350574664,-1.76175231444507,0.0389496671902689,-0.960297539281035,2,0.0880893633371714,0.70515012811736,0.0183749407329745,0.35086953312719
146287,41,1.79989706264154,2,-4.44089209850063e-16,2,-1.1148442267319e-16,0.82067879082866,2,0.050700292125252,-1.94929970787475,0.4574350166713,-0.140814385820631,2,1.94082707819921,0.171819463242494,1.28895024095278,0.289018010772693,2,-0.501669405547692,0.616061516381215,-0.243715103854082,0.270982439174555
289556,50,1.28960300492503,2,-4.44089209850063e-16,2,-1.1148442267319e-16,0.82067879082866,2,0.052491764389317,-1.94750823561068,0.4574350166713,-0.140814385820631,1.96767823895387,0.274872038461591,-2,-0.057108807845023,-0.831726610160372,2,1.18195889411841,1.07794866016182,0.582472238964458,0.517331554333214
147620,30,2.08063942403184,2,-4.44089209850063e-16,2,-1.1148442267319e-16,0.82067879082866,2,0.0523735438300204,-1.94762645616998,0.4574350166713,-0.140814385820631,1.42325607292058,-2,0.576801474955991,-1.39182636850279,0.391866971071534,2,-0.180817453532515,0.860389313807124,0.00467255062844635,0.376493783100256
145148,36,1.48112172944207,2,-4.44089209850063e-16,2,-1.1148442267319e-16,0.82067879082866,2,0.050677990673659,-1.94932200932634,0.4574350166713,-0.140814385820631,2,-0.0383125966657365,-1.79255643778852,0.0429443451527651,-0.9569551602546,2,1.04582923925677,0.884203739432968,0.511911024579258,0.424429030380329
147205,45,1.49824906830933,2,-4.44089209850063e-16,2,-1.1148442267319e-16,0.82067879082866,2,0.0515557306278316,-1.94844426937217,0.4574350166713,-0.140814385820631,2,0.350787252759048,-1.38289103692862,0.253204394248619,-0.746430168543082,2,0.863693234495778,1.15857347603427,0.417553332612499,0.562797329164289
291954,55,1.46671735057348,2,-4.44089209850063e-16,2,-1.1148442267319e-16,0.82067879082866,2,0.0498072668244942,-1.95019273317551,0.4574350166713,-0.140814385820631,2,0.0525859731048597,-1.75063225821611,0.0790578190694605,-0.919976064588476,2,0.731613699681527,1.05180476927819,0.276227674355873,0.474584356832803
0,0,0.189826091589051,2,-4.44089209850063e-16,2,-1.1148442267319e-16,0.82067879082866,2,2,0,0.6681786379477,0,1,0,0,0,0,1,0,0,0,0
