# Description: Beam sizes and Divergences at BPMs. Obtained with Sirius storage ring model SI.25.04 that fits vertical dispersion and betatron coupling
# Units: um (sizes, columns 1 and 2), urad (divergences, columns 3 and 4)
# Column order (columns): size x, size y, divergence x, divergence y
# BPMs order (lines): all pos. x and all pos. y, starting from 1M2
66.13 8.75 3.80 1.47
81.16 9.30 14.20 1.18
50.45 13.25 62.12 7.15
24.37 5.50 44.66 1.97
61.37 4.32 7.28 2.81
30.14 10.39 40.73 6.37
80.95 7.72 14.20 1.33
44.17 8.41 12.81 2.14
43.73 6.82 12.81 2.14
80.93 7.23 14.23 1.15
50.39 10.94 61.91 6.25
24.41 6.64 44.92 2.70
60.79 5.96 7.30 3.00
29.89 13.48 40.35 7.90
81.75 9.12 14.34 0.95
44.33 8.15 12.85 2.69
43.76 9.46 12.85 2.69
80.89 9.50 14.22 1.16
50.29 13.60 61.91 7.37
24.32 5.69 44.61 1.92
61.26 4.23 7.33 2.68
30.02 9.97 40.70 6.07
81.07 7.34 14.28 1.33
44.53 8.04 12.90 2.05
43.77 6.82 12.90 2.05
80.93 6.95 14.31 1.20
50.42 10.43 61.89 5.95
24.27 6.45 44.71 2.75
60.74 6.04 7.36 3.16
29.83 13.89 40.35 8.18
81.83 9.48 14.46 0.94
67.51 8.11 3.73 1.77
67.08 7.17 3.73 1.77
81.98 8.66 14.36 0.94
51.00 13.16 62.72 7.48
24.64 7.16 44.87 2.44
61.14 5.47 7.15 2.45
30.24 11.69 40.45 6.73
80.77 7.65 14.19 1.00
43.37 6.75 12.72 2.29
44.20 8.88 12.72 2.29
81.12 8.28 14.20 1.28
50.44 11.59 62.08 6.22
24.81 4.93 45.28 2.05
60.95 4.44 7.17 2.95
30.03 10.95 40.40 6.67
81.17 8.01 14.17 1.15
43.62 8.29 12.69 2.25
43.84 6.95 12.69 2.25
81.56 7.62 14.24 0.97
50.67 11.47 62.43 6.52
24.47 6.61 44.83 2.58
61.49 5.70 7.20 2.85
30.27 12.79 40.76 7.47
81.02 8.60 14.19 0.99
43.82 7.73 12.68 2.54
43.55 9.18 12.68 2.54
80.72 9.02 14.14 1.20
50.18 12.86 61.78 6.98
24.52 5.74 45.07 2.21
61.00 4.84 7.24 3.00
29.95 11.57 40.49 7.02
81.42 8.43 14.22 1.33
66.37 8.15 3.75 1.42
66.75 7.95 3.75 1.42
81.21 8.22 14.34 1.33
50.60 11.73 62.10 6.36
24.47 5.32 44.80 2.17
60.57 4.72 7.28 2.94
29.86 11.39 40.16 6.91
81.37 8.29 14.33 1.25
44.01 8.61 12.87 2.33
44.09 7.42 12.87 2.33
81.05 7.93 14.24 1.10
50.43 11.89 62.01 6.74
24.43 6.79 44.63 2.64
60.97 5.85 7.28 2.94
29.97 13.13 40.46 7.69
80.82 8.89 14.22 1.03
44.09 8.08 12.88 2.62
44.05 9.33 12.88 2.62
81.24 9.25 14.33 1.22
50.61 13.23 62.13 7.16
24.38 5.52 44.72 1.95
60.76 4.27 7.31 2.75
29.92 10.20 40.31 6.23
81.46 7.55 14.36 1.33
44.27 8.24 12.91 2.10
44.06 6.80 12.91 2.10
80.88 7.10 14.24 1.17
50.33 10.69 61.88 6.03
24.45 6.09 44.71 2.48
60.93 5.46 7.31 2.87
29.92 12.49 40.46 7.36
81.08 8.56 14.28 0.94
66.99 7.42 3.76 1.60
66.57 6.96 3.76 1.60
81.15 8.14 14.21 0.94
50.47 12.22 62.10 6.88
24.73 6.45 45.20 2.25
60.94 5.03 7.19 2.42
30.03 10.98 40.38 6.39
81.24 7.35 14.19 1.00
43.67 6.77 12.72 2.17
43.89 8.12 12.72 2.17
81.46 7.76 14.22 1.17
50.62 10.99 62.35 5.95
24.50 5.00 44.85 2.06
61.47 4.49 7.22 2.82
30.24 10.86 40.76 6.60
81.02 7.91 14.19 1.14
43.91 8.15 12.72 2.23
43.68 6.95 12.72 2.23
80.90 7.56 14.18 0.97
50.31 11.33 61.92 6.37
24.55 5.96 45.15 2.14
61.12 4.77 7.27 2.38
30.01 10.56 40.56 6.18
81.69 7.16 14.28 0.96
44.22 6.69 12.76 2.10
43.57 7.65 12.76 2.10
81.05 7.45 14.18 1.09
50.37 10.64 62.05 5.78
24.34 4.92 44.76 1.99
61.54 4.35 7.31 2.67
30.16 10.43 40.87 6.32
81.29 7.56 14.26 1.09
67.08 7.18 3.74 1.26
67.33 6.42 3.74 1.26
81.25 6.81 14.29 1.09
50.59 9.88 62.14 5.48
24.68 5.40 44.86 2.34
60.74 5.11 7.24 2.90
29.95 12.05 40.26 7.21
80.80 8.49 14.20 0.99
43.79 8.13 12.88 2.44
44.47 7.95 12.88 2.44
81.73 8.43 14.37 0.96
50.90 12.38 62.51 6.81
24.57 5.84 44.83 2.10
60.87 4.63 7.21 2.58
30.09 10.61 40.29 6.39
81.09 7.61 14.25 1.19
43.63 7.83 12.79 2.16
44.24 7.23 12.79 2.16
81.08 7.42 14.19 1.11
50.43 10.97 62.05 6.13
24.71 6.16 45.02 2.60
60.96 5.71 7.20 3.14
30.03 13.33 40.40 7.98
80.85 9.40 14.14 1.12
43.66 9.05 12.77 2.70
44.12 8.79 12.77 2.70
81.69 9.33 14.30 1.08
50.83 13.73 62.48 7.65
24.49 6.68 44.77 2.15
61.11 4.82 7.22 2.38
30.15 10.39 40.48 6.05
81.08 7.00 14.23 1.19
66.08 6.37 3.80 1.47